23 39
0.0 0.95652173913 0.0881980399276 0.857965558984 0.2
0.025641025641 0.95652173913 0.114374099943 0.86885028023 1
0.0512820512821 0.95652173913 0.140518369577 0.876422245191 1
0.0769230769231 0.95652173913 0.164758087523 0.886822732298 1
0.102564102564 0.95652173913 0.191662891713 0.89538068603 1
0.128205128205 0.95652173913 0.214561271641 0.911263704099 1
0.153846153846 0.95652173913 0.238938955106 0.918358120373 1
0.179487179487 0.95652173913 0.264010343767 0.926184824075 1
0.205128205128 0.95652173913 0.286150090938 0.937422260499 1
0.230769230769 0.95652173913 0.307865921956 0.947558211222 1
0.25641025641 0.95652173913 0.32950500022 0.958506905318 1
0.282051282051 0.95652173913 0.353318108414 0.965971787796 1
0.307692307692 0.95652173913 0.37215960351 0.97861155522 1
0.333333333333 0.95652173913 0.393104932178 0.987954357857 1
0.358974358974 0.95652173913 0.412187844733 1.00097773185 1
0.384615384615 0.95652173913 0.432639993289 1.00979710978 1
0.410256410256 0.95652173913 0.452174779181 1.01041666667 1
0.435897435897 0.95652173913 0.470271597911 1.00969014256 1
0.461538461538 0.95652173913 0.490696810483 1.0062236209 1
0.487179487179 0.95652173913 0.50912603702 1.00606778073 1
0.512820512821 0.95652173913 0.528993349117 1.00185006795 1
0.538461538462 0.95652173913 0.547783103443 1.00228312381 1
0.564102564103 0.95652173913 0.56604005808 0.998136184606 1
0.589743589744 0.95652173913 0.586153168434 0.998661914648 1
0.615384615385 0.95652173913 0.604192622398 0.994271302275 1
0.641025641026 0.95652173913 0.622809986425 0.992065449214 1
0.666666666667 0.95652173913 0.641143368217 0.989358417853 1
0.692307692308 0.95652173913 0.660311173523 0.985550822922 1
0.717948717949 0.95652173913 0.679451214045 0.98631573074 1
0.74358974359 0.95652173913 0.697791936633 0.984012247039 1
0.769230769231 0.95652173913 0.71610004004 0.982341921664 1
0.794871794872 0.95652173913 0.734892221565 0.980865704902 1
0.820512820513 0.95652173913 0.753269352132 0.980711939527 1
0.846153846154 0.95652173913 0.772182479186 0.979494034764 1
0.871794871795 0.95652173913 0.795278320599 0.962960337877 1
0.897435897436 0.95652173913 0.820195981749 0.945858147115 1
0.923076923077 0.95652173913 0.845634247395 0.926899821543 1
0.948717948718 0.95652173913 0.869082447003 0.909876357731 1
0.974358974359 0.95652173913 0.894726254929 0.893323411355 0.2
0.0 0.913043478261 0.0841034595172 0.827686215402 0.2
0.025641025641 0.913043478261 0.110263624342 0.836914558506 1
0.0512820512821 0.913043478261 0.136423789167 0.846142901609 1
0.0769230769231 0.913043478261 0.161297805142 0.855208258026 1
0.102564102564 0.913043478261 0.18762341167 0.865620848104 1
0.128205128205 0.913043478261 0.212023502322 0.878485154472 1
0.153846153846 0.913043478261 0.236128688347 0.888261474032 1
0.179487179487 0.913043478261 0.260414759865 0.897257785876 1
0.205128205128 0.913043478261 0.283013558368 0.908198411325 1
0.230769230769 0.913043478261 0.305467020956 0.918643621794 1
0.25641025641 0.913043478261 0.327527898973 0.929184964439 1
0.282051282051 0.913043478261 0.349840347244 0.939205187698 1
0.307692307692 0.913043478261 0.370317936985 0.95090415078 1
0.333333333333 0.913043478261 0.391133632529 0.961591535951 1
0.358974358974 0.913043478261 0.410406932173 0.974715768047 1
0.384615384615 0.913043478261 0.430415791387 0.984648619376 1
0.410256410256 0.913043478261 0.450559212124 0.98412012294 1
0.435897435897 0.913043478261 0.469685814253 0.98310439544 1
0.461538461538 0.913043478261 0.489766956626 0.980970007545 1
0.487179487179 0.913043478261 0.508878462764 0.979685017738 1
0.512820512821 0.913043478261 0.528755838856 0.977152038638 1
0.538461538462 0.913043478261 0.547800626633 0.975944968917 1
0.564102564103 0.913043478261 0.566843520011 0.973108262858 1
0.589743589744 0.913043478261 0.586465566652 0.972028908305 1
0.615384615385 0.913043478261 0.605277639365 0.969332135654 1
0.641025641026 0.913043478261 0.62417229603 0.967079714967 1
0.666666666667 0.913043478261 0.642907586388 0.965133557101 1
0.692307692308 0.913043478261 0.662027913321 0.962264345918 1
0.717948717949 0.913043478261 0.68127569778 0.961755905835 1
0.74358974359 0.913043478261 0.699928877786 0.960373170123 1
0.769230769231 0.913043478261 0.718588096188 0.95845248613 1
0.794871794872 0.913043478261 0.737180714629 0.957167726856 1
0.820512820513 0.913043478261 0.755906947393 0.95685719918 1
0.846153846154 0.913043478261 0.774769517676 0.954975014164 1
0.871794871795 0.913043478261 0.79890976488 0.93907712673 1
0.897435897436 0.913043478261 0.823425576664 0.922029226441 1
0.923076923077 0.913043478261 0.847930850855 0.905341303113 1
0.948717948718 0.913043478261 0.872476854622 0.88855309802 1
0.974358974359 0.913043478261 0.897022858389 0.871764892926 0.2
0.0 0.869565217391 0.0799770887254 0.794094115537 0.2
0.025641025641 0.869565217391 0.106153148741 0.804978836782 1
0.0512820512821 0.869565217391 0.132329208756 0.815863558027 1
0.0769230769231 0.869565217391 0.157837522762 0.823593783754 1
0.102564102564 0.869565217391 0.183583931628 0.835861010179 1
0.128205128205 0.869565217391 0.209485733004 0.845706604845 1
0.153846153846 0.869565217391 0.233318421587 0.858164827691 1
0.179487179487 0.869565217391 0.256819175963 0.868330747677 1
0.205128205128 0.869565217391 0.279877025799 0.878974562151 1
0.230769230769 0.869565217391 0.303068119956 0.889729032366 1
0.25641025641 0.869565217391 0.325550797727 0.89986302356 1
0.282051282051 0.869565217391 0.346362586073 0.9124385876 1
0.307692307692 0.869565217391 0.36847622606 0.92319674634 1
0.333333333333 0.869565217391 0.389162392079 0.935228714046 1
0.358974358974 0.869565217391 0.408626019612 0.94845380424 1
0.384615384615 0.869565217391 0.428191589486 0.959500128975 1
0.410256410256 0.869565217391 0.448943645066 0.957823579214 1
0.435897435897 0.869565217391 0.469100030595 0.95651864832 1
0.461538461538 0.869565217391 0.488837102768 0.955716394189 1
0.487179487179 0.869565217391 0.508630888509 0.953302254746 1
0.512820512821 0.869565217391 0.528518328594 0.952454009322 1
0.538461538462 0.869565217391 0.547818149823 0.949606814021 1
0.564102564103 0.869565217391 0.567646981942 0.94808034111 1
0.589743589744 0.869565217391 0.58677796487 0.945395901963 1
0.615384615385 0.869565217391 0.606362656332 0.944392969032 1
0.641025641026 0.869565217391 0.625534605635 0.942093980721 1
0.666666666667 0.869565217391 0.644671804558 0.940908696349 1
0.692307692308 0.869565217391 0.663744653119 0.938977868913 1
0.717948717949 0.869565217391 0.683100181515 0.93719608093 1
0.74358974359 0.869565217391 0.702065818939 0.936734093206 1
0.769230769231 0.869565217391 0.721076152336 0.934563050597 1
0.794871794872 0.869565217391 0.739469207694 0.93346974881 1
0.820512820513 0.869565217391 0.758544542653 0.933002458832 1
0.846153846154 0.869565217391 0.777356556167 0.930455993564 1
0.871794871795 0.869565217391 0.802541209161 0.915193915582 1
0.897435897436 0.869565217391 0.82665517158 0.898200305766 1
0.923076923077 0.869565217391 0.850227454315 0.883782784684 1
0.948717948718 0.869565217391 0.875871262241 0.867229838309 1
0.974358974359 0.869565217391 0.901515070167 0.850676891933 0.2
0.0 0.826086956522 0.07503432081 0.763533406677 0.2
0.025641025641 0.826086956522 0.101878911235 0.77318835072 1
0.0512820512821 0.826086956522 0.128723501661 0.782843294763 1
0.0769230769231 0.826086956522 0.154323856812 0.791484240302 1
0.102564102564 0.826086956522 0.17943447285 0.805415913516 1
0.128205128205 0.826086956522 0.205132433944 0.814513659791 1
0.153846153846 0.826086956522 0.229798140041 0.826681065515 1
0.179487179487 0.826086956522 0.253937099645 0.837481181224 1
0.205128205128 0.826086956522 0.276892518741 0.849267746768 1
0.230769230769 0.826086956522 0.299697510723 0.860659755432 1
0.25641025641 0.826086956522 0.321837983094 0.87232586759 1
0.282051282051 0.826086956522 0.344561071925 0.883162407481 1
0.307692307692 0.826086956522 0.365367162274 0.895943376243 1
0.333333333333 0.826086956522 0.386512660826 0.908579109342 1
0.358974358974 0.826086956522 0.407094161306 0.920631363935 1
0.384615384615 0.826086956522 0.426805363095 0.932345081116 1
0.410256410256 0.826086956522 0.447334412406 0.931040150222 1
0.435897435897 0.826086956522 0.46767017383 0.929596784384 1
0.461538461538 0.826086956522 0.48811486319 0.928467519481 1
0.487179487179 0.826086956522 0.508279418314 0.92737467876 1
0.512820512821 0.826086956522 0.528459661428 0.925269453264 1
0.538461538462 0.826086956522 0.547998946517 0.923657106887 1
0.564102564103 0.826086956522 0.568053981705 0.921544389075 1
0.589743589744 0.826086956522 0.587767255492 0.920238305517 1
0.615384615385 0.826086956522 0.607175412657 0.918648781886 1
0.641025641026 0.826086956522 0.62693077762 0.91673109482 1
0.666666666667 0.826086956522 0.64636480517 0.915785910355 1
0.692307692308 0.826086956522 0.665257508236 0.913430441508 1
0.717948717949 0.826086956522 0.685143527523 0.912823448656 1
0.74358974359 0.826086956522 0.703944470642 0.91230486513 1
0.769230769231 0.826086956522 0.723093687159 0.909487523826 1
0.794871794872 0.826086956522 0.742582593077 0.908806529946 1
0.820512820513 0.826086956522 0.76165254084 0.908729877791 1
0.846153846154 0.826086956522 0.780861075721 0.906729429451 1
0.871794871795 0.826086956522 0.804947687756 0.889757028653 1
0.897435897436 0.826086956522 0.830642407653 0.873432770812 1
0.923076923077 0.826086956522 0.854566101383 0.859308833245 1
0.948717948718 0.826086956522 0.880023666218 0.842285369433 1
0.974358974359 0.826086956522 0.905481231052 0.82526190562 0.2
0.0 0.782608695652 0.0708063850774 0.727919649454 0.2
0.025641025641 0.782608695652 0.0975907987379 0.738816127872 1
0.0512820512821 0.782608695652 0.124375212398 0.749712606289 1
0.0769230769231 0.782608695652 0.151162053257 0.758973339251 1
0.102564102564 0.782608695652 0.175878227325 0.772762888996 1
0.128205128205 0.782608695652 0.202247545628 0.785341449963 1
0.153846153846 0.782608695652 0.226122369786 0.797274864899 1
0.179487179487 0.782608695652 0.250526160436 0.807476632735 1
0.205128205128 0.782608695652 0.273912866079 0.819748700348 1
0.230769230769 0.782608695652 0.297404400062 0.83065336268 1
0.25641025641 0.782608695652 0.31990901142 0.842764518402 1
0.282051282051 0.782608695652 0.342192510907 0.854596383641 1
0.307692307692 0.782608695652 0.363187419546 0.86671307215 1
0.333333333333 0.782608695652 0.38482581701 0.879300393363 1
0.358974358974 0.782608695652 0.405110133664 0.892548882635 1
0.384615384615 0.782608695652 0.42460294678 0.904186178194 1
0.410256410256 0.782608695652 0.446045984358 0.903199958891 1
0.435897435897 0.782608695652 0.466878966291 0.901988739579 1
0.461538461538 0.782608695652 0.487299916466 0.900558975177 1
0.487179487179 0.782608695652 0.507767989812 0.89978922617 1
0.512820512821 0.782608695652 0.527729193055 0.898231054999 1
0.538461538462 0.782608695652 0.54799486172 0.896297922236 1
0.564102564103 0.782608695652 0.568259168785 0.895069182431 1
0.589743589744 0.782608695652 0.588358899947 0.892904364207 1
0.615384615385 0.782608695652 0.60823367124 0.892066608025 1
0.641025641026 0.782608695652 0.627833517893 0.889545386098 1
0.666666666667 0.782608695652 0.64783912111 0.888760421927 1
0.692307692308 0.782608695652 0.667115913552 0.887929696995 1
0.717948717949 0.782608695652 0.686869206516 0.886618772249 1
0.74358974359 0.782608695652 0.706136171763 0.885343234287 1
0.769230769231 0.782608695652 0.725734775217 0.884652327496 1
0.794871794872 0.782608695652 0.745090954813 0.884101469379 1
0.820512820513 0.782608695652 0.764071214628 0.882043157307 1
0.846153846154 0.782608695652 0.784164196994 0.881477084026 1
0.871794871795 0.782608695652 0.808818773497 0.86477117914 1
0.897435897436 0.782608695652 0.83367995788 0.84707686489 1
0.923076923077 0.782608695652 0.859114908328 0.833731090778 1
0.948717948718 0.782608695652 0.883942111931 0.815756333381 1
0.974358974359 0.782608695652 0.908769315533 0.797781575985 0.2
0.0 0.739130434783 0.0656450952895 0.69454286722 0.2
0.025641025641 0.739130434783 0.0932516410702 0.705129394293 1
0.0512820512821 0.739130434783 0.120858186851 0.715715921366 1
0.0769230769231 0.739130434783 0.145702218044 0.724771710672 1
0.102564102564 0.739130434783 0.173030057787 0.739256432065 1
0.128205128205 0.739130434783 0.198180167601 0.75255828968 1
0.153846153846 0.739130434783 0.222650898612 0.76415904579 1
0.179487179487 0.739130434783 0.247034250474 0.776487017607 1
0.205128205128 0.739130434783 0.271367089965 0.787241948888 1
0.230769230769 0.739130434783 0.294206595528 0.799788465796 1
0.25641025641 0.739130434783 0.317180662612 0.811574455008 1
0.282051282051 0.739130434783 0.339590287626 0.824429309531 1
0.307692307692 0.739130434783 0.361429121372 0.836700916079 1
0.333333333333 0.739130434783 0.382611442302 0.848995575907 1
0.358974358974 0.739130434783 0.403617584135 0.86352732599 1
0.384615384615 0.739130434783 0.424043684706 0.875845845962 1
0.410256410256 0.739130434783 0.444817229875 0.875118514989 1
0.435897435897 0.739130434783 0.465641095014 0.872729734154 1
0.461538461538 0.739130434783 0.486290793854 0.871922408301 1
0.487179487179 0.739130434783 0.506920246307 0.871233691572 1
0.512820512821 0.739130434783 0.5274810268 0.868859319036 1
0.538461538462 0.739130434783 0.548055423284 0.86841565867 1
0.564102564103 0.739130434783 0.568533560625 0.866901403997 1
0.589743589744 0.739130434783 0.588889746037 0.864850584241 1
0.615384615385 0.739130434783 0.609059984358 0.864219961776 1
0.641025641026 0.739130434783 0.629206424292 0.862849674835 1
0.666666666667 0.739130434783 0.648803429347 0.861127825379 1
0.692307692308 0.739130434783 0.668814301361 0.860401762337 1
0.717948717949 0.739130434783 0.688825646974 0.860016196235 1
0.74358974359 0.739130434783 0.708203612157 0.859399866804 1
0.769230769231 0.739130434783 0.728142793012 0.857284382599 1
0.794871794872 0.739130434783 0.747526855791 0.85697777398 1
0.820512820513 0.739130434783 0.767333724724 0.856365133073 1
0.846153846154 0.739130434783 0.787862063636 0.854714864051 1
0.871794871795 0.739130434783 0.812218627513 0.838041810089 1
0.897435897436 0.739130434783 0.837944486591 0.82053883806 1
0.923076923077 0.739130434783 0.862501146352 0.806399454796 1
0.948717948718 0.739130434783 0.887770455297 0.788416282953 1
0.974358974359 0.739130434783 0.913039764241 0.770433111109 0.2
0.0 0.695652173913 0.0613777545799 0.658480838975 0.2
0.025641025641 0.695652173913 0.0889352975892 0.669928175509 1
0.0512820512821 0.695652173913 0.116492840599 0.681375512044 1
0.0769230769231 0.695652173913 0.142642882229 0.688549462133 1
0.102564102564 0.695652173913 0.169483861457 0.705074744573 1
0.128205128205 0.695652173913 0.194474782564 0.718944519731 1
0.153846153846 0.695652173913 0.220008197354 0.730256418248 1
0.179487179487 0.695652173913 0.244488992359 0.742637412608 1
0.205128205128 0.695652173913 0.268084777481 0.755769137019 1
0.230769230769 0.695652173913 0.291770753749 0.767777014048 1
0.25641025641 0.695652173913 0.314519239365 0.780163425929 1
0.282051282051 0.695652173913 0.336946653969 0.792905665181 1
0.307692307692 0.695652173913 0.359155546699 0.80612383939 1
0.333333333333 0.695652173913 0.380564070697 0.819114362464 1
0.358974358974 0.695652173913 0.401747102027 0.832757408617 1
0.384615384615 0.695652173913 0.422061492263 0.844914901431 1
0.410256410256 0.695652173913 0.443293422764 0.844333036653 1
0.435897435897 0.695652173913 0.464495457282 0.843601786623 1
0.461538461538 0.695652173913 0.485788482148 0.84307928404 1
0.487179487179 0.695652173913 0.506392301015 0.841092667668 1
0.512820512821 0.695652173913 0.52736037727 0.840430808009 1
0.538461538462 0.695652173913 0.548004333714 0.839308228558 1
0.564102564103 0.695652173913 0.568787291677 0.837619921624 1
0.589743589744 0.695652173913 0.589544379255 0.836258164396 1
0.615384615385 0.695652173913 0.609940820644 0.835803553721 1
0.641025641026 0.695652173913 0.630046590202 0.834068794429 1
0.666666666667 0.695652173913 0.650555333925 0.83326999829 1
0.692307692308 0.695652173913 0.670615460309 0.83283475237 1
0.717948717949 0.695652173913 0.690632903519 0.832055782051 1
0.74358974359 0.695652173913 0.710129860633 0.831235776895 1
0.769230769231 0.695652173913 0.730546726009 0.82943900428 1
0.794871794872 0.695652173913 0.750422918101 0.82895258008 1
0.820512820513 0.695652173913 0.769952139196 0.828588107729 1
0.846153846154 0.695652173913 0.789985684796 0.825657229023 1
0.871794871795 0.695652173913 0.8153247313 0.809753808801 1
0.897435897436 0.695652173913 0.841136785528 0.791886710221 1
0.923076923077 0.695652173913 0.866110213046 0.777660531359 1
0.948717948718 0.695652173913 0.891601521861 0.759794815975 1
0.974358974359 0.695652173913 0.917092830676 0.741929100591 0.2
0.0 0.652173913043 0.0575739421998 0.621579901883 0.2
0.025641025641 0.652173913043 0.08495862871 0.633875368576 1
0.0512820512821 0.652173913043 0.11234331522 0.646170835268 1
0.0769230769231 0.652173913043 0.138682256541 0.653682170105 1
0.102564102564 0.652173913043 0.165681862076 0.670447091386 1
0.128205128205 0.652173913043 0.191165726495 0.684449653435 1
0.153846153846 0.652173913043 0.216569330561 0.696833183656 1
0.179487179487 0.652173913043 0.240951853624 0.709951421899 1
0.205128205128 0.652173913043 0.265132564004 0.722198822503 1
0.230769230769 0.652173913043 0.289065433728 0.735560733911 1
0.25641025641 0.652173913043 0.311985540044 0.747955675505 1
0.282051282051 0.652173913043 0.334576287352 0.761736810804 1
0.307692307692 0.652173913043 0.35690967761 0.774352026485 1
0.333333333333 0.652173913043 0.378135036915 0.789073735592 1
0.358974358974 0.652173913043 0.399716306412 0.802409827327 1
0.384615384615 0.652173913043 0.42081533299 0.814347218954 1
0.410256410256 0.652173913043 0.44204945389 0.813825926668 1
0.435897435897 0.652173913043 0.46366067857 0.812437946335 1
0.461538461538 0.652173913043 0.48472199477 0.81213917583 1
0.487179487179 0.652173913043 0.506297225871 0.811580537232 1
0.512820512821 0.652173913043 0.527364225268 0.811026624555 1
0.538461538462 0.652173913043 0.548214315992 0.808812299413 1
0.564102564103 0.652173913043 0.569380534531 0.808227668242 1
0.589743589744 0.652173913043 0.590338428392 0.807362593924 1
0.615384615385 0.652173913043 0.610984279235 0.806183130504 1
0.641025641026 0.652173913043 0.631444064586 0.80480431385 1
0.666666666667 0.652173913043 0.651761592421 0.804441743394 1
0.692307692308 0.652173913043 0.672250504155 0.803865296137 1
0.717948717949 0.652173913043 0.692322825733 0.802600362683 1
0.74358974359 0.652173913043 0.712399409708 0.80107204551 1
0.769230769231 0.652173913043 0.732525899254 0.800801861073 1
0.794871794872 0.652173913043 0.753126935723 0.800325810848 1
0.820512820513 0.652173913043 0.773504610723 0.800063695059 1
0.846153846154 0.652173913043 0.794042421629 0.79858770883 1
0.871794871795 0.652173913043 0.818263180785 0.780494111777 1
0.897435897436 0.652173913043 0.844913861724 0.763346621321 1
0.923076923077 0.652173913043 0.869781321303 0.748278075621 1
0.948717948718 0.652173913043 0.896482795812 0.730338474476 1
0.974358974359 0.652173913043 0.923184270321 0.712398873331 0.2
0.0 0.608695652174 0.0537464572336 0.586009600093 0.2
0.025641025641 0.608695652174 0.0809882572271 0.597841004266 1
0.0512820512821 0.608695652174 0.108230057221 0.609672408439 1
0.0769230769231 0.608695652174 0.135110189825 0.61712760854 1
0.102564102564 0.608695652174 0.161127460734 0.637872793817 1
0.128205128205 0.608695652174 0.187723204104 0.64939666724 1
0.153846153846 0.608695652174 0.212683193229 0.662746706209 1
0.179487179487 0.608695652174 0.237628574763 0.675275587358 1
0.205128205128 0.608695652174 0.261950802661 0.688885321522 1
0.230769230769 0.608695652174 0.285764118055 0.702036410688 1
0.25641025641 0.608695652174 0.309742186953 0.714892994207 1
0.282051282051 0.608695652174 0.332380294233 0.72866485056 1
0.307692307692 0.608695652174 0.354923637169 0.74186014439 1
0.333333333333 0.608695652174 0.377162677482 0.755604797873 1
0.358974358974 0.608695652174 0.398218606486 0.77057870986 1
0.384615384615 0.608695652174 0.41864008946 0.783276513915 1
0.410256410256 0.608695652174 0.441044060877 0.782871583058 1
0.435897435897 0.608695652174 0.462601887187 0.782565435505 1
0.461538461538 0.608695652174 0.484261478239 0.780606483068 1
0.487179487179 0.608695652174 0.505638803855 0.780152736892 1
0.512820512821 0.608695652174 0.527053129449 0.779411055253 1
0.538461538462 0.608695652174 0.548202239199 0.778959095705 1
0.564102564103 0.608695652174 0.569863369449 0.776680279014 1
0.589743589744 0.608695652174 0.590539116274 0.77653446702 1
0.615384615385 0.608695652174 0.611473862949 0.775759358125 1
0.641025641026 0.608695652174 0.631916125111 0.775660113757 1
0.666666666667 0.608695652174 0.65304794847 0.774324176202 1
0.692307692308 0.608695652174 0.673428879468 0.773403889279 1
0.717948717949 0.608695652174 0.69410918469 0.772546710709 1
0.74358974359 0.608695652174 0.7149833106 0.772090486305 1
0.769230769231 0.608695652174 0.735203868891 0.771747338238 1
0.794871794872 0.608695652174 0.755672475038 0.770306508261 1
0.820512820513 0.608695652174 0.775985562875 0.769424316882 1
0.846153846154 0.608695652174 0.797311917321 0.768849252822 1
0.871794871795 0.608695652174 0.822349162401 0.751590760823 1
0.897435897436 0.608695652174 0.848479712443 0.732951953707 1
0.923076923077 0.608695652174 0.874016960431 0.717946170561 1
0.948717948718 0.608695652174 0.900192857647 0.700457376299 1
0.974358974359 0.608695652174 0.926368754862 0.682968582038 0.2
0.0 0.565217391304 0.0494211227578 0.549745164052 0.2
0.025641025641 0.565217391304 0.0768922190176 0.559606319682 1
0.0512820512821 0.565217391304 0.104363315277 0.569467475311 1
0.0769230769231 0.565217391304 0.131523249119 0.580570280582 1
0.102564102564 0.565217391304 0.158277973996 0.599235829502 1
0.128205128205 0.565217391304 0.184279778914 0.612919449428 1
0.153846153846 0.565217391304 0.209716283361 0.626880573207 1
0.179487179487 0.565217391304 0.235051866667 0.639112873913 1
0.205128205128 0.565217391304 0.259485597699 0.653567741309 1
0.230769230769 0.565217391304 0.283892984747 0.665902859643 1
0.25641025641 0.565217391304 0.306473401661 0.68098667814 1
0.282051282051 0.565217391304 0.330353820216 0.694460916653 1
0.307692307692 0.565217391304 0.35308831984 0.708202630843 1
0.333333333333 0.565217391304 0.37514484666 0.722430999767 1
0.358974358974 0.565217391304 0.396165847684 0.738568814209 1
0.384615384615 0.565217391304 0.418002209832 0.75071293612 1
0.410256410256 0.565217391304 0.43965102649 0.750558594413 1
0.435897435897 0.565217391304 0.461813639647 0.749647355903 1
0.461538461538 0.565217391304 0.483725955351 0.748844698339 1
0.487179487179 0.565217391304 0.505011876221 0.74847233024 1
0.512820512821 0.565217391304 0.527002631879 0.74773226233 1
0.538461538462 0.565217391304 0.548185840808 0.747126422141 1
0.564102564103 0.565217391304 0.569958207794 0.745497477403 1
0.589743589744 0.565217391304 0.59095801523 0.74474709315 1
0.615384615385 0.565217391304 0.612656915058 0.744435470443 1
0.641025641026 0.565217391304 0.63335711147 0.743840983995 1
0.666666666667 0.565217391304 0.654334659719 0.743746062116 1
0.692307692308 0.565217391304 0.675198484835 0.742669877389 1
0.717948717949 0.565217391304 0.696089009135 0.740817085305 1
0.74358974359 0.565217391304 0.717201533306 0.740585745644 1
0.769230769231 0.565217391304 0.737909603312 0.740549494362 1
0.794871794872 0.565217391304 0.758475711802 0.739867117285 1
0.820512820513 0.565217391304 0.779213855391 0.73880718512 1
0.846153846154 0.565217391304 0.800480654671 0.738388307029 1
0.871794871795 0.565217391304 0.82601754746 0.720763556051 1
0.897435897436 0.565217391304 0.851953092816 0.701079513236 1
0.923076923077 0.565217391304 0.877402724855 0.686721584881 1
0.948717948718 0.565217391304 0.903756103567 0.668813336196 1
0.974358974359 0.565217391304 0.930109482279 0.650905087511 0.2
0.0 0.521739130435 0.0463203173675 0.508996749856 0.2
0.025641025641 0.521739130435 0.0731443062049 0.520367203704 1
0.0512820512821 0.521739130435 0.0999682950423 0.531737657551 1
0.0769230769231 0.521739130435 0.127309839578 0.542031984305 1
0.102564102564 0.521739130435 0.153983208903 0.562046495883 1
0.128205128205 0.521739130435 0.180429531561 0.576647924504 1
0.153846153846 0.521739130435 0.206812332656 0.589845350762 1
0.179487179487 0.521739130435 0.231294829659 0.603253426363 1
0.205128205128 0.521739130435 0.256516453032 0.61782073613 1
0.230769230769 0.521739130435 0.280313725236 0.631371799698 1
0.25641025641 0.521739130435 0.304483690822 0.644979228534 1
0.282051282051 0.521739130435 0.327730492147 0.659647338766 1
0.307692307692 0.521739130435 0.350880220329 0.6744437405 1
0.333333333333 0.521739130435 0.373586881169 0.688566410136 1
0.358974358974 0.521739130435 0.394521687043 0.703693453533 1
0.384615384615 0.521739130435 0.416338454003 0.716688587262 1
0.410256410256 0.521739130435 0.439095198014 0.716585308569 1
0.435897435897 0.521739130435 0.460691563502 0.716202335961 1
0.461538461538 0.521739130435 0.482707064746 0.716358060865 1
0.487179487179 0.521739130435 0.504891818691 0.715840802903 1
0.512820512821 0.521739130435 0.526901044738 0.715475293155 1
0.538461538462 0.521739130435 0.548185663208 0.713954756463 1
0.564102564103 0.521739130435 0.570291266799 0.713171060222 1
0.589743589744 0.521739130435 0.591948845052 0.712596457227 1
0.615384615385 0.521739130435 0.613145965973 0.712116833745 1
0.641025641026 0.521739130435 0.634352973288 0.711993786864 1
0.666666666667 0.521739130435 0.655888718012 0.711773570411 1
0.692307692308 0.521739130435 0.6768007911 0.710824524521 1
0.717948717949 0.521739130435 0.697562851475 0.709165149453 1
0.74358974359 0.521739130435 0.719183311349 0.708916001134 1
0.769230769231 0.521739130435 0.740202773174 0.708572795433 1
0.794871794872 0.521739130435 0.760981705539 0.708058649664 1
0.820512820513 0.521739130435 0.782529112656 0.707118133488 1
0.846153846154 0.521739130435 0.803552540879 0.705851528672 1
0.871794871795 0.521739130435 0.829843049227 0.687976073278 1
0.897435897436 0.521739130435 0.855885509721 0.670238245963 1
0.923076923077 0.521739130435 0.880835020452 0.65407213362 1
0.948717948718 0.521739130435 0.908410760051 0.63608308319 1
0.974358974359 0.521739130435 0.93598649965 0.61809403276 0.2
0.0 0.478260869565 0.042150493801 0.469941080351 0.2
0.025641025641 0.478260869565 0.0690931415691 0.483608620614 1
0.0512820512821 0.478260869565 0.0960357893373 0.497276160877 1
0.0769230769231 0.478260869565 0.123777910439 0.503760241573 1
0.102564102564 0.478260869565 0.150245485884 0.525008045979 1
0.128205128205 0.478260869565 0.176937754799 0.539623306568 1
0.153846153846 0.478260869565 0.202728896639 0.552931792 1
0.179487179487 0.478260869565 0.228737450352 0.566336006177 1
0.205128205128 0.478260869565 0.253651618704 0.580433778271 1
0.230769230769 0.478260869565 0.278183799279 0.594310815213 1
0.25641025641 0.478260869565 0.301772628404 0.609807056882 1
0.282051282051 0.478260869565 0.325301783965 0.624093116638 1
0.307692307692 0.478260869565 0.348797328744 0.638643597511 1
0.333333333333 0.478260869565 0.371481079198 0.653809543317 1
0.358974358974 0.478260869565 0.393269962974 0.669256739134 1
0.384615384615 0.478260869565 0.415427307335 0.681603095942 1
0.410256410256 0.478260869565 0.437566714106 0.682522114934 1
0.435897435897 0.478260869565 0.459881707975 0.682348984804 1
0.461538461538 0.478260869565 0.482164733862 0.682063412303 1
0.487179487179 0.478260869565 0.504626958045 0.681152173792 1
0.512820512821 0.478260869565 0.526773824012 0.681032412004 1
0.538461538462 0.478260869565 0.548715443699 0.680589443236 1
0.564102564103 0.478260869565 0.570532092259 0.680053627384 1
0.589743589744 0.478260869565 0.592394857591 0.680122614324 1
0.615384615385 0.478260869565 0.613807288787 0.679705522862 1
0.641025641026 0.478260869565 0.635436451056 0.679187169869 1
0.666666666667 0.478260869565 0.657113150898 0.678258871932 1
0.692307692308 0.478260869565 0.678435479746 0.677208103446 1
0.717948717949 0.478260869565 0.69954078152 0.676948408251 1
0.74358974359 0.478260869565 0.721201142171 0.67634936878 1
0.769230769231 0.478260869565 0.742330597532 0.675996538335 1
0.794871794872 0.478260869565 0.764007119774 0.674957354122 1
0.820512820513 0.478260869565 0.785038599191 0.673619284139 1
0.846153846154 0.478260869565 0.807269351509 0.673473587412 1
0.871794871795 0.478260869565 0.832376926149 0.653909075852 1
0.897435897436 0.478260869565 0.859527965195 0.637404310831 1
0.923076923077 0.478260869565 0.884758320563 0.620934068097 1
0.948717948718 0.478260869565 0.912139884275 0.603185463373 1
0.974358974359 0.478260869565 0.939521447987 0.58543685865 0.2
0.0 0.434782608696 0.0380183362125 0.431131735139 0.2
0.025641025641 0.434782608696 0.0654074923201 0.443927746165 1
0.0512820512821 0.434782608696 0.0927966484276 0.456723757192 1
0.0769230769231 0.434782608696 0.120161902549 0.464154808982 1
0.102564102564 0.434782608696 0.146811236688 0.486094788108 1
0.128205128205 0.434782608696 0.174035239692 0.500235612202 1
0.153846153846 0.434782608696 0.199468369742 0.515375162003 1
0.179487179487 0.434782608696 0.22529580116 0.529126962003 1
0.205128205128 0.434782608696 0.250195643121 0.543449157775 1
0.230769230769 0.434782608696 0.275852919039 0.55715277642 1
0.25641025641 0.434782608696 0.299440297765 0.572962946126 1
0.282051282051 0.434782608696 0.323619912946 0.586540059899 1
0.307692307692 0.434782608696 0.346431579725 0.603029033423 1
0.333333333333 0.434782608696 0.369784289788 0.617764920298 1
0.358974358974 0.434782608696 0.392015338106 0.633626786983 1
0.384615384615 0.434782608696 0.413161369457 0.646261770851 1
0.410256410256 0.434782608696 0.436858741719 0.648080616981 1
0.435897435897 0.434782608696 0.45944457543 0.648080213548 1
0.461538461538 0.434782608696 0.48201442515 0.648017450995 1
0.487179487179 0.434782608696 0.504221023882 0.647052671242 1
0.512820512821 0.434782608696 0.526771633614 0.646346664553 1
0.538461538462 0.434782608696 0.548968582751 0.645603542084 1
0.564102564103 0.434782608696 0.570667956179 0.645267713433 1
0.589743589744 0.434782608696 0.592769119773 0.644817828681 1
0.615384615385 0.434782608696 0.614802321806 0.644726422427 1
0.641025641026 0.434782608696 0.636564447198 0.644867450865 1
0.666666666667 0.434782608696 0.658215927854 0.644360048181 1
0.692307692308 0.434782608696 0.680221601903 0.644369211859 1
0.717948717949 0.434782608696 0.701218390141 0.643727927253 1
0.74358974359 0.434782608696 0.723373958503 0.642229348811 1
0.769230769231 0.434782608696 0.744927936816 0.641602241971 1
0.794871794872 0.434782608696 0.766534603099 0.641153855683 1
0.820512820513 0.434782608696 0.788152931774 0.640726505511 1
0.846153846154 0.434782608696 0.80958134696 0.638813256201 1
0.871794871795 0.434782608696 0.83609278958 0.622924186646 1
0.897435897436 0.434782608696 0.862434209899 0.602208509568 1
0.923076923077 0.434782608696 0.888336484874 0.586335750208 1
0.948717948718 0.434782608696 0.916428211372 0.569276092747 1
0.974358974359 0.434782608696 0.944519937869 0.552216435286 0.2
0.0 0.391304347826 0.0345456958391 0.390390813259 0.2
0.025641025641 0.391304347826 0.0615126821931 0.404229120691 1
0.0512820512821 0.391304347826 0.088479668547 0.418067428123 1
0.0769230769231 0.391304347826 0.116457005911 0.424397743444 1
0.102564102564 0.391304347826 0.143120888442 0.446580761771 1
0.128205128205 0.391304347826 0.170759098804 0.461175159141 1
0.153846153846 0.391304347826 0.197110094718 0.475231204799 1
0.179487179487 0.391304347826 0.222490699598 0.49028194184 1
0.205128205128 0.391304347826 0.247636695014 0.504758191153 1
0.230769230769 0.391304347826 0.272209279566 0.519899181784 1
0.25641025641 0.391304347826 0.296739269742 0.535249899626 1
0.282051282051 0.391304347826 0.321029884858 0.549371070799 1
0.307692307692 0.391304347826 0.344254145796 0.565363764846 1
0.333333333333 0.391304347826 0.36793044287 0.577439130351 1
0.358974358974 0.391304347826 0.390433633429 0.593189649695 1
0.384615384615 0.391304347826 0.41281380646 0.609598916505 1
0.410256410256 0.391304347826 0.435399995371 0.611770362547 1
0.435897435897 0.391304347826 0.458113227407 0.611812319516 1
0.461538461538 0.391304347826 0.480653654744 0.611798660448 1
0.487179487179 0.391304347826 0.503996004814 0.611844305941 1
0.512820512821 0.391304347826 0.526746177628 0.61031495137 1
0.538461538462 0.391304347826 0.548783582859 0.609827489773 1
0.564102564103 0.391304347826 0.571126637512 0.609766398582 1
0.589743589744 0.391304347826 0.593568970506 0.60936642418 1
0.615384615385 0.391304347826 0.615510471793 0.609300434167 1
0.641025641026 0.391304347826 0.637705171332 0.60915473744 1
0.666666666667 0.391304347826 0.659659104612 0.609539439044 1
0.692307692308 0.391304347826 0.681815146573 0.6089713486 1
0.717948717949 0.391304347826 0.703364744089 0.608578866515 1
0.74358974359 0.391304347826 0.725490771668 0.608568780705 1
0.769230769231 0.391304347826 0.747790728746 0.607387011957 1
0.794871794872 0.391304347826 0.769058416026 0.606203687114 1
0.820512820513 0.391304347826 0.790953918939 0.605625626127 1
0.846153846154 0.391304347826 0.813410874325 0.604639349191 1
0.871794871795 0.391304347826 0.83977609303 0.588251349032 1
0.897435897436 0.391304347826 0.866751900179 0.568419073629 1
0.923076923077 0.391304347826 0.894040164746 0.549474176592 1
0.948717948718 0.391304347826 0.920356365879 0.534564986688 1
0.974358974359 0.391304347826 0.946672567013 0.519655796784 0.2
0.0 0.347826086957 0.0295751927399 0.349981512807 0.2
0.025641025641 0.347826086957 0.0575503767055 0.363630783346 1
0.0512820512821 0.347826086957 0.085525560671 0.377280053884 1
0.0769230769231 0.347826086957 0.112368286297 0.385496127479 1
0.102564102564 0.347826086957 0.13995457829 0.40607475281 1
0.128205128205 0.347826086957 0.167057546965 0.421763662265 1
0.153846153846 0.347826086957 0.19326825376 0.436214725869 1
0.179487179487 0.347826086957 0.219448324573 0.45056429741 1
0.205128205128 0.347826086957 0.244887182219 0.46586020608 1
0.230769230769 0.347826086957 0.270112831189 0.480627445415 1
0.25641025641 0.347826086957 0.294670704549 0.49600974625 1
0.282051282051 0.347826086957 0.319057342009 0.508843045957 1
0.307692307692 0.347826086957 0.342621588349 0.521321670956 1
0.333333333333 0.347826086957 0.36573684735 0.541318546775 1
0.358974358974 0.347826086957 0.38858138491 0.558351347166 1
0.384615384615 0.347826086957 0.410921183565 0.573583859317 1
0.410256410256 0.347826086957 0.434008914582 0.574006771732 1
0.435897435897 0.347826086957 0.457528864548 0.574206758933 1
0.461538461538 0.347826086957 0.480499853234 0.574259262777 1
0.487179487179 0.347826086957 0.503034656575 0.574542529951 1
0.512820512821 0.347826086957 0.526098530006 0.573982623421 1
0.538461538462 0.347826086957 0.549250611387 0.573967177724 1
0.564102564103 0.347826086957 0.571697029179 0.573585703579 1
0.589743589744 0.347826086957 0.594273864495 0.573704658502 1
0.615384615385 0.347826086957 0.616661141522 0.573110056787 1
0.641025641026 0.347826086957 0.638995671379 0.573418106236 1
0.666666666667 0.347826086957 0.661283610864 0.57328070869 1
0.692307692308 0.347826086957 0.682967533101 0.573218753001 1
0.717948717949 0.347826086957 0.705150333447 0.57326612749 1
0.74358974359 0.347826086957 0.727486698503 0.572670257845 1
0.769230769231 0.347826086957 0.749803882771 0.572848632596 1
0.794871794872 0.347826086957 0.772188850999 0.572682706616 1
0.820512820513 0.347826086957 0.794091813108 0.570982411977 1
0.846153846154 0.347826086957 0.815608140243 0.569107200578 1
0.871794871795 0.347826086957 0.843751252311 0.548440799885 1
0.897435897436 0.347826086957 0.86988618315 0.533094519799 1
0.923076923077 0.347826086957 0.897066940579 0.514387244442 1
0.948717948718 0.347826086957 0.924728875328 0.494537563813 1
0.974358974359 0.347826086957 0.952390810076 0.474687883184 0.2
0.0 0.304347826087 0.0254905579237 0.308217889809 0.2
0.025641025641 0.304347826087 0.0537640505152 0.322316987467 1
0.0512820512821 0.304347826087 0.0820375431066 0.336416085125 1
0.0769230769231 0.304347826087 0.109010567857 0.344528130795 1
0.102564102564 0.304347826087 0.136366645984 0.365966989256 1
0.128205128205 0.304347826087 0.163632310964 0.381373265502 1
0.153846153846 0.304347826087 0.189609547895 0.39594293823 1
0.179487179487 0.304347826087 0.215973227401 0.410978978805 1
0.205128205128 0.304347826087 0.241812069613 0.426029024248 1
0.230769230769 0.304347826087 0.267051245776 0.438495661542 1
0.25641025641 0.304347826087 0.29238967068 0.45142555449 1
0.282051282051 0.304347826087 0.316928703651 0.469655972757 1
0.307692307692 0.304347826087 0.340160172185 0.48684374882 1
0.333333333333 0.304347826087 0.363961440386 0.503592475173 1
0.358974358974 0.304347826087 0.386541413301 0.520875518914 1
0.384615384615 0.304347826087 0.409622099523 0.534596485153 1
0.410256410256 0.304347826087 0.43322398224 0.536476422473 1
0.435897435897 0.304347826087 0.456316034856 0.537105892274 1
0.461538461538 0.304347826087 0.48002643111 0.537271875887 1
0.487179487179 0.304347826087 0.502882453463 0.537410714264 1
0.512820512821 0.304347826087 0.525901986121 0.537507710938 1
0.538461538462 0.304347826087 0.549300516958 0.537457973487 1
0.564102564103 0.304347826087 0.572091182549 0.537366567233 1
0.589743589744 0.304347826087 0.594757646613 0.53703160308 1
0.615384615385 0.304347826087 0.617200216407 0.536847983708 1
0.641025641026 0.304347826087 0.639768349328 0.537229457853 1
0.666666666667 0.304347826087 0.662159415153 0.536972010352 1
0.692307692308 0.304347826087 0.684635788127 0.536755885856 1
0.717948717949 0.304347826087 0.707035201147 0.535869544887 1
0.74358974359 0.304347826087 0.729843863527 0.536062155038 1
0.769230769231 0.304347826087 0.751866291167 0.535043372978 1
0.794871794872 0.304347826087 0.774520441638 0.534805347866 1
0.820512820513 0.304347826087 0.79669300039 0.534395863987 1
0.846153846154 0.304347826087 0.819276525302 0.534614927776 1
0.871794871795 0.304347826087 0.841699026308 0.534576140633 1
0.897435897436 0.304347826087 0.874431082898 0.490928905238 1
0.923076923077 0.304347826087 0.901130544608 0.47704887137 1
0.948717948718 0.304347826087 0.928298278044 0.458697653917 1
0.974358974359 0.304347826087 0.955466011481 0.440346436464 0.2
0.0 0.260869565217 0.02119608883 0.266104490926 0.2
0.025641025641 0.260869565217 0.0496045499427 0.280343233826 1
0.0512820512821 0.260869565217 0.0780130110554 0.294581976725 1
0.0769230769231 0.260869565217 0.105940087649 0.302624459124 1
0.102564102564 0.260869565217 0.133439178092 0.324190456422 1
0.128205128205 0.260869565217 0.16081072221 0.339805307215 1
0.153846153846 0.260869565217 0.187036613797 0.35502617746 1
0.179487179487 0.260869565217 0.213497632846 0.366803867492 1
0.205128205128 0.260869565217 0.239653254073 0.378340881284 1
0.230769230769 0.260869565217 0.264597229608 0.398139383633 1
0.25641025641 0.260869565217 0.289508112362 0.414779356138 1
0.282051282051 0.260869565217 0.313935138998 0.430952787898 1
0.307692307692 0.260869565217 0.338161107752 0.448176123645 1
0.333333333333 0.260869565217 0.362126596657 0.464321315136 1
0.358974358974 0.260869565217 0.385100722941 0.481389214145 1
0.384615384615 0.260869565217 0.408568517738 0.495761003284 1
0.410256410256 0.260869565217 0.431865579833 0.497123423294 1
0.435897435897 0.260869565217 0.455838350335 0.49779767409 1
0.461538461538 0.260869565217 0.479180404404 0.497869917305 1
0.487179487179 0.260869565217 0.502773288727 0.498223179999 1
0.512820512821 0.260869565217 0.52607550122 0.498346889661 1
0.538461538462 0.260869565217 0.549325854543 0.498518550144 1
0.564102564103 0.260869565217 0.57241411836 0.498612924508 1
0.589743589744 0.260869565217 0.595096862415 0.498236781434 1
0.615384615385 0.260869565217 0.61861799638 0.498233409892 1
0.641025641026 0.260869565217 0.641332708415 0.49828850723 1
0.666666666667 0.260869565217 0.664002014077 0.498367522346 1
0.692307692308 0.260869565217 0.686461455862 0.498177015806 1
0.717948717949 0.260869565217 0.709355898992 0.498373660282 1
0.74358974359 0.260869565217 0.731727606428 0.498106472771 1
0.769230769231 0.260869565217 0.754246307378 0.498426279392 1
0.794871794872 0.260869565217 0.77686375387 0.497772113766 1
0.820512820513 0.260869565217 0.800073200017 0.497838305495 1
0.846153846154 0.260869565217 0.822605931359 0.498143963167 1
0.871794871795 0.260869565217 0.845044179556 0.497634773853 1
0.897435897436 0.260869565217 0.868175304149 0.49570129529 1
0.923076923077 0.260869565217 0.905947290597 0.433510145841 1
0.948717948718 0.260869565217 0.932462995614 0.419209620152 1
0.974358974359 0.260869565217 0.958978700631 0.404909094463 0.2
0.0 0.217391304348 0.0175676341475 0.222673078414 0.2
0.025641025641 0.217391304348 0.0459465840774 0.237116131004 1
0.0512820512821 0.217391304348 0.0743255340074 0.251559183594 1
0.0769230769231 0.217391304348 0.102678258353 0.259933806119 1
0.102564102564 0.217391304348 0.129045697056 0.284868636803 1
0.128205128205 0.217391304348 0.157014554026 0.29602037266 1
0.153846153846 0.217391304348 0.184150778281 0.307479581633 1
0.179487179487 0.217391304348 0.210267297931 0.325348639743 1
0.205128205128 0.217391304348 0.236725223782 0.340803327876 1
0.230769230769 0.217391304348 0.262339194926 0.35714493331 1
0.25641025641 0.217391304348 0.287219560097 0.374055839485 1
0.282051282051 0.217391304348 0.311798375445 0.391176645771 1
0.307692307692 0.217391304348 0.335935366651 0.408525477808 1
0.333333333333 0.217391304348 0.360312176916 0.424754208622 1
0.358974358974 0.217391304348 0.3838011653 0.441877723668 1
0.384615384615 0.217391304348 0.407319161667 0.456044165719 1
0.410256410256 0.217391304348 0.431315967354 0.456721615158 1
0.435897435897 0.217391304348 0.455336808227 0.457891280933 1
0.461538461538 0.217391304348 0.478624102329 0.458302176826 1
0.487179487179 0.217391304348 0.502413648937 0.45823739711 1
0.512820512821 0.217391304348 0.525719887027 0.458607085266 1
0.538461538462 0.217391304348 0.549429572882 0.458721141367 1
0.564102564103 0.217391304348 0.5725181327 0.458916633178 1
0.589743589744 0.217391304348 0.596169920988 0.458898132921 1
0.615384615385 0.217391304348 0.61911421049 0.459019249089 1
0.641025641026 0.217391304348 0.642305600647 0.459102817228 1
0.666666666667 0.217391304348 0.665554414771 0.459319719772 1
0.692307692308 0.217391304348 0.688281617999 0.459118723991 1
0.717948717949 0.217391304348 0.711089214781 0.458937640479 1
0.74358974359 0.217391304348 0.734210571379 0.459215317232 1
0.769230769231 0.217391304348 0.757221164842 0.459229206833 1
0.794871794872 0.217391304348 0.779817062547 0.45950947708 1
0.820512820513 0.217391304348 0.802530472183 0.459017664176 1
0.846153846154 0.217391304348 0.825604409609 0.459267676994 1
0.871794871795 0.217391304348 0.848368139216 0.459060975525 1
0.897435897436 0.217391304348 0.871481859019 0.459166329013 1
0.923076923077 0.217391304348 0.893855697653 0.459348939804 1
0.948717948718 0.217391304348 0.9170647294 0.459839917027 1
0.974358974359 0.217391304348 0.940273761147 0.46033089425 0.2
0.0 0.173913043478 0.0137931627503 0.17904473326 0.2
0.025641025641 0.173913043478 0.0421823246743 0.193641493592 1
0.0512820512821 0.173913043478 0.0705714865982 0.208238253924 1
0.0769230769231 0.173913043478 0.0989474617299 0.218492064539 1
0.102564102564 0.173913043478 0.126333613439 0.235809457666 1
0.128205128205 0.173913043478 0.153642627594 0.252328400454 1
0.153846153846 0.173913043478 0.181508239823 0.267082729952 1
0.179487179487 0.173913043478 0.207599925088 0.283871857177 1
0.205128205128 0.173913043478 0.234096360516 0.29894334217 1
0.230769230769 0.173913043478 0.259687184473 0.315884015892 1
0.25641025641 0.173913043478 0.285060300558 0.33276624955 1
0.282051282051 0.173913043478 0.309637576706 0.350037824284 1
0.307692307692 0.173913043478 0.334350761175 0.36662042294 1
0.333333333333 0.173913043478 0.358405819629 0.383870269959 1
0.358974358974 0.173913043478 0.382492254064 0.400606922156 1
0.384615384615 0.173913043478 0.405693353015 0.415753186225 1
0.410256410256 0.173913043478 0.430007884917 0.415994640512 1
0.435897435897 0.173913043478 0.454209344885 0.416249177536 1
0.461538461538 0.173913043478 0.47841595525 0.416553423194 1
0.487179487179 0.173913043478 0.502353738572 0.416607310235 1
0.512820512821 0.173913043478 0.525652813467 0.417210989179 1
0.538461538462 0.173913043478 0.549701892723 0.418075746514 1
0.564102564103 0.173913043478 0.573754464778 0.418769246799 1
0.589743589744 0.173913043478 0.59671556707 0.419206423431 1
0.615384615385 0.173913043478 0.620328875381 0.419228093513 1
0.641025641026 0.173913043478 0.643445555182 0.419418052538 1
0.666666666667 0.173913043478 0.666825378829 0.419490785635 1
0.692307692308 0.173913043478 0.690107877734 0.41966175452 1
0.717948717949 0.173913043478 0.713126581592 0.419695469941 1
0.74358974359 0.173913043478 0.736413046894 0.419879665646 1
0.769230769231 0.173913043478 0.759320573217 0.419741374784 1
0.794871794872 0.173913043478 0.782104016412 0.419752065743 1
0.820512820513 0.173913043478 0.805317784157 0.420035332916 1
0.846153846154 0.173913043478 0.82865273423 0.420288457927 1
0.871794871795 0.173913043478 0.851764796434 0.420031442675 1
0.897435897436 0.173913043478 0.874609985193 0.419919086754 1
0.923076923077 0.173913043478 0.897702156209 0.419771718664 1
0.948717948718 0.173913043478 0.920733351259 0.42014529706 1
0.974358974359 0.173913043478 0.94376454631 0.420518875457 0.2
0.0 0.130434782609 0.0102272676314 0.13515432995 0.2
0.025641025641 0.130434782609 0.0385694395828 0.149713801602 1
0.0512820512821 0.130434782609 0.0669116115341 0.164273273254 1
0.0769230769231 0.130434782609 0.0948315397319 0.178890781538 1
0.102564102564 0.130434782609 0.12319614847 0.193389507798 1
0.128205128205 0.130434782609 0.151316986551 0.20808176634 1
0.153846153846 0.130434782609 0.177910569123 0.225266804827 1
0.179487179487 0.130434782609 0.204675772394 0.241396867603 1
0.205128205128 0.130434782609 0.230548624987 0.257558916806 1
0.230769230769 0.130434782609 0.256760130982 0.274577510613 1
0.25641025641 0.130434782609 0.282662257957 0.291239527817 1
0.282051282051 0.130434782609 0.307656745862 0.30787342002 1
0.307692307692 0.130434782609 0.332301021572 0.323977230875 1
0.333333333333 0.130434782609 0.357128165974 0.342165288741 1
0.358974358974 0.130434782609 0.380793215055 0.359423723107 1
0.384615384615 0.130434782609 0.404956076646 0.373464323067 1
0.410256410256 0.130434782609 0.429293045335 0.374708105137 1
0.435897435897 0.130434782609 0.453728522766 0.375650090959 1
0.461538461538 0.130434782609 0.47810770103 0.375780025006 1
0.487179487179 0.130434782609 0.501984389988 0.375657957891 1
0.512820512821 0.130434782609 0.52564653827 0.376010874785 1
0.538461538462 0.130434782609 0.549671996741 0.376231379405 1
0.564102564103 0.130434782609 0.573843383126 0.376814685013 1
0.589743589744 0.130434782609 0.597306205125 0.377020810149 1
0.615384615385 0.130434782609 0.620975753404 0.377541699003 1
0.641025641026 0.130434782609 0.644788743198 0.377792489869 1
0.666666666667 0.130434782609 0.668047976516 0.378879048571 1
0.692307692308 0.130434782609 0.69186185431 0.379351237371 1
0.717948717949 0.130434782609 0.714934844537 0.379458463938 1
0.74358974359 0.130434782609 0.738439402511 0.379865959472 1
0.769230769231 0.130434782609 0.761509551139 0.379909270821 1
0.794871794872 0.130434782609 0.78486605 0.380160551569 1
0.820512820513 0.130434782609 0.808388131165 0.380300139177 1
0.846153846154 0.130434782609 0.831541810944 0.380482260086 1
0.871794871795 0.130434782609 0.855082244098 0.380762760866 1
0.897435897436 0.130434782609 0.877989711221 0.380743079129 1
0.923076923077 0.130434782609 0.901124624611 0.380798781616 1
0.948717948718 0.130434782609 0.924316725168 0.380413878296 1
0.974358974359 0.130434782609 0.947508825725 0.380028974976 0.2
0.0 0.0869565217391 0.0067141936816 0.0898491468688 0.2
0.025641025641 0.0869565217391 0.0353711614493 0.104494030922 1
0.0512820512821 0.0869565217391 0.0640281292169 0.119138914975 1
0.0769230769231 0.0869565217391 0.0925467022654 0.134594006541 1
0.102564102564 0.0869565217391 0.120496230446 0.149285198869 1
0.128205128205 0.0869565217391 0.14787353176 0.165543726047 1
0.153846153846 0.0869565217391 0.175393534592 0.181115899457 1
0.179487179487 0.0869565217391 0.202022193143 0.198055362881 1
0.205128205128 0.0869565217391 0.228524874168 0.214070418609 1
0.230769230769 0.0869565217391 0.254630885824 0.230825167631 1
0.25641025641 0.0869565217391 0.280427311261 0.246848234374 1
0.282051282051 0.0869565217391 0.30596386365 0.263413283721 1
0.307692307692 0.0869565217391 0.330369208299 0.281457748472 1
0.333333333333 0.0869565217391 0.355401125382 0.298234571009 1
0.358974358974 0.0869565217391 0.379354715095 0.316300532943 1
0.384615384615 0.0869565217391 0.403363952775 0.331095839645 1
0.410256410256 0.0869565217391 0.427919369336 0.332822962539 1
0.435897435897 0.0869565217391 0.452501248282 0.332638075236 1
0.461538461538 0.0869565217391 0.476991426482 0.332810052702 1
0.487179487179 0.0869565217391 0.50134568156 0.332784866994 1
0.512820512821 0.0869565217391 0.525650149468 0.333239996367 1
0.538461538462 0.0869565217391 0.549899798208 0.333369988048 1
0.564102564103 0.0869565217391 0.574330302842 0.334178697097 1
0.589743589744 0.0869565217391 0.598212674996 0.335812396575 1
0.615384615385 0.0869565217391 0.622208711084 0.336390889811 1
0.641025641026 0.0869565217391 0.645678992279 0.336558573604 1
0.666666666667 0.0869565217391 0.669577881223 0.336866911219 1
0.692307692308 0.0869565217391 0.693312016664 0.33700079314 1
0.717948717949 0.0869565217391 0.716915260981 0.337414253711 1
0.74358974359 0.0869565217391 0.740797692335 0.338563344434 1
0.769230769231 0.0869565217391 0.763851916172 0.339065300781 1
0.794871794872 0.0869565217391 0.78771179234 0.339736381751 1
0.820512820513 0.0869565217391 0.81070906581 0.339919712958 1
0.846153846154 0.0869565217391 0.834748081073 0.339750473069 1
0.871794871795 0.0869565217391 0.858332322201 0.340343979753 1
0.897435897436 0.0869565217391 0.881671001872 0.340189119347 1
0.923076923077 0.0869565217391 0.904990737555 0.340913280493 1
0.948717948718 0.0869565217391 0.92830609244 0.34112516895 1
0.974358974359 0.0869565217391 0.951621447325 0.341337057406 0.2
0.0 0.0434782608696 0.00364702867159 0.0439954109988 0.2
0.025641025641 0.0434782608696 0.0320140646085 0.0595694574875 1
0.0512820512821 0.0434782608696 0.0603811005453 0.0751435039762 1
0.0769230769231 0.0434782608696 0.0889282523771 0.0896447084639 1
0.102564102564 0.0434782608696 0.116799251803 0.106318108225 1
0.128205128205 0.0434782608696 0.145142607754 0.120653271466 1
0.153846153846 0.0434782608696 0.172149346885 0.137456691725 1
0.179487179487 0.0434782608696 0.19961100815 0.153186636017 1
0.205128205128 0.0434782608696 0.226183337934 0.170659955765 1
0.230769230769 0.0434782608696 0.252453836695 0.186681034162 1
0.25641025641 0.0434782608696 0.278102617418 0.202910571841 1
0.282051282051 0.0434782608696 0.303729301754 0.220295539894 1
0.307692307692 0.0434782608696 0.32853471977 0.237979768334 1
0.333333333333 0.0434782608696 0.353900643058 0.255223419784 1
0.358974358974 0.0434782608696 0.378465354014 0.27258421071 1
0.384615384615 0.0434782608696 0.402229148637 0.287359778042 1
0.410256410256 0.0434782608696 0.427350694468 0.289094076269 1
0.435897435897 0.0434782608696 0.451933816613 0.289535344858 1
0.461538461538 0.0434782608696 0.476598042711 0.289845714043 1
0.487179487179 0.0434782608696 0.501215441636 0.29011133105 1
0.512820512821 0.0434782608696 0.525603677495 0.290169338865 1
0.538461538462 0.0434782608696 0.549987236557 0.290609642097 1
0.564102564103 0.0434782608696 0.57435090443 0.291854548014 1
0.589743589744 0.0434782608696 0.598638145148 0.29314641058 1
0.615384615385 0.0434782608696 0.622903777878 0.293685468299 1
0.641025641026 0.0434782608696 0.646973221923 0.293891665477 1
0.666666666667 0.0434782608696 0.67134766419 0.294331550869 1
0.692307692308 0.0434782608696 0.694840678172 0.294750803576 1
0.717948717949 0.0434782608696 0.718591212003 0.295555290994 1
0.74358974359 0.0434782608696 0.742554747309 0.296894715357 1
0.769230769231 0.0434782608696 0.766761120874 0.297458036653 1
0.794871794872 0.0434782608696 0.790240992463 0.297457157747 1
0.820512820513 0.0434782608696 0.814174927788 0.29780797103 1
0.846153846154 0.0434782608696 0.837677058564 0.297741476726 1
0.871794871795 0.0434782608696 0.861078726998 0.29730908365 1
0.897435897436 0.0434782608696 0.885046702302 0.298252740835 1
0.923076923077 0.0434782608696 0.908804754529 0.298507493983 1
0.948717948718 0.0434782608696 0.932182861377 0.300211520372 1
0.974358974359 0.0434782608696 0.955560968226 0.301915546761 0.2
0.0 0.0 0.0 0.0 0.2
0.025641025641 0.0 0.0286569677677 0.0146448840531 1
0.0512820512821 0.0 0.0567340718737 0.0311480929774 1
0.0769230769231 0.0 0.0853098024888 0.0446954103871 1
0.102564102564 0.0 0.113102273161 0.063351017581 1
0.128205128205 0.0 0.142411683748 0.0757628168858 1
0.153846153846 0.0 0.168905159178 0.0937974839927 1
0.179487179487 0.0 0.197199823157 0.108317909152 1
0.205128205128 0.0 0.223841801701 0.12724949292 1
0.230769230769 0.0 0.250276787565 0.142536900693 1
0.25641025641 0.0 0.275777923575 0.158972909307 1
0.282051282051 0.0 0.301494680658 0.177177796068 1
0.307692307692 0.0 0.32670017204 0.194501788197 1
0.333333333333 0.0 0.352400101534 0.212212268559 1
0.358974358974 0.0 0.377576052133 0.228867888478 1
0.384615384615 0.0 0.401094403699 0.243623716439 1
0.410256410256 0.0 0.4267820196 0.24536519 1
0.435897435897 0.0 0.451366384944 0.24643261448 1
0.461538461538 0.0 0.476204658941 0.246881375384 1
0.487179487179 0.0 0.501085201712 0.247437795105 1
0.512820512821 0.0 0.525557205522 0.247098681362 1
0.538461538462 0.0 0.550074674906 0.247849296146 1
0.564102564103 0.0 0.574371506018 0.249530398931 1
0.589743589744 0.0 0.5990636153 0.250480424584 1
0.615384615385 0.0 0.623598844673 0.250980046787 1
0.641025641026 0.0 0.648267451568 0.25122475735 1
0.666666666667 0.0 0.673117447157 0.251796190519 1
0.692307692308 0.0 0.696369339679 0.252500814011 1
0.717948717949 0.0 0.720267163025 0.253696328276 1
0.74358974359 0.0 0.744311802284 0.25522608628 1
0.769230769231 0.0 0.769670325577 0.255850772525 1
0.794871794872 0.0 0.792770192587 0.255177933742 1
0.820512820513 0.0 0.817640789765 0.255696229101 1
0.846153846154 0.0 0.840606036054 0.255732480384 1
0.871794871795 0.0 0.863825131795 0.254274187547 1
0.897435897436 0.0 0.888422402732 0.256316362323 1
0.923076923077 0.0 0.912618771503 0.256101707473 1
0.948717948718 0.0 0.936059630315 0.259297871795 1
0.974358974359 0.0 0.9593749852 0.259509760251 0.2
